# .test .cputime .temperature .time_mat1 .time_mat2
1 0.001071  0.000 0.000018 0.000003
2 0.002056 -0.974 0.000004 0.000003
3 0.003244 -0.974 0.000024 0.000003
4 0.004278 -0.974 0.000004 0.000004
5 0.005270 -0.974 0.000020 0.000005
6 0.006282 -0.974 0.000016 0.000005
7 0.007305 -0.487 0.000021 0.000005
8 0.008307 -0.487 0.000018 0.000005
9 0.009436 -0.487 0.000017 0.000006
10 0.010504 -0.487 0.000018 0.000008
11 0.011449 -0.974 0.000024 0.000008
12 0.012335 -0.974 0.000020 0.000008
13 0.013618 -0.487 0.000027 0.000009
14 0.014447 -0.487 0.000021 0.000011
15 0.015426 -0.487 0.000027 0.000012
16 0.016317 -0.487 0.000025 0.000014
17 0.017530  0.000 0.000025 0.000015
18 0.018624 -0.487 0.000074 0.000016
19 0.019612  0.000 0.000029 0.000018
20 0.020626  0.000 0.000034 0.000019
21 0.021591 -0.974 0.000032 0.000021
22 0.022621 -0.487 0.000038 0.000023
23 0.023706  0.487 0.000034 0.000041
24 0.024623 -0.487 0.000042 0.000027
25 0.025727 -0.974 0.000038 0.000031
26 0.026678 -0.487 0.000044 0.000031
27 0.027471  0.974 0.000043 0.000035
28 0.028843  1.461 0.000048 0.000036
29 0.029499  0.000 0.000034 0.000038
30 0.030840  0.487 0.000058 0.000041
31 0.031827  0.974 0.000038 0.000044
32 0.032752 -0.487 0.000063 0.000046
33 0.033919 -0.487 0.000039 0.000045
34 0.034807  0.000 0.000066 0.000048
35 0.036101  0.000 0.000043 0.000052
36 0.036753  0.974 0.000067 0.000055
37 0.038519  0.487 0.000047 0.000057
38 0.039014 -0.487 0.000071 0.000061
39 0.040572  0.487 0.000053 0.000064
40 0.040659  0.974 0.000075 0.000067
41 0.042182  0.000 0.000057 0.000071
42 0.043088  0.487 0.000082 0.000074
43 0.044226  0.487 0.000062 0.000077
44 0.044655  0.974 0.000087 0.000131
45 0.046044 -0.487 0.000068 0.000086
46 0.047133  0.974 0.000092 0.000088
47 0.047841 -0.487 0.000074 0.000091
48 0.048952  0.487 0.000099 0.000098
49 0.050188  1.461 0.000079 0.000098
50 0.050990  0.974 0.000104 0.000103
51 0.051974  0.487 0.000085 0.000109
52 0.053278 -0.487 0.000110 0.000111
53 0.054070  1.461 0.000091 0.000115
54 0.055076  0.974 0.000118 0.000171
55 0.056144  0.487 0.000098 0.000123
56 0.057079  2.435 0.000118 0.000127
57 0.059038  1.461 0.000118 0.000134
58 0.059185  1.461 0.000126 0.000136
59 0.060449  0.974 0.000126 0.000192
60 0.062505  1.948 0.000133 0.000142
61 0.062058  0.000 0.000132 0.000149
62 0.063232  0.974 0.000141 0.000153
63 0.064508  0.974 0.000140 0.000158
64 0.065228  0.974 0.000149 0.000162
65 0.065785  1.461 0.000148 0.000166
66 0.067174  1.461 0.000157 0.000170
67 0.067995  2.435 0.000157 0.000176
68 0.069455  0.974 0.000165 0.000180
69 0.070037  0.487 0.000166 0.000200
70 0.070937  0.974 0.000171 0.000190
71 0.073369  0.974 0.000179 0.000196
72 0.073183  1.461 0.000178 0.000200
73 0.074105  0.974 0.000187 0.000205
74 0.075870  0.974 0.000187 0.000211
75 0.076485  1.948 0.000195 0.000216
76 0.077595  1.948 0.000197 0.000222
77 0.078715  1.461 0.000205 0.000247
78 0.079492  1.948 0.000207 0.000233
79 0.080641  1.461 0.000216 0.000240
80 0.081484  1.461 0.000215 0.000246
81 0.082856  0.487 0.000223 0.000252
82 0.084677  2.922 0.000209 0.000260
83 0.084642  1.948 0.000238 0.000265
84 0.085488  0.974 0.000220 0.000273
85 0.087270  1.461 0.000251 0.000278
86 0.087237  1.948 0.000230 0.000286
87 0.088516  1.948 0.000261 0.000292
88 0.089593  0.974 0.000241 0.000300
89 0.090572  1.948 0.000307 0.000306
90 0.091625  1.461 0.000252 0.000313
91 0.092398  1.948 0.000283 0.000319
92 0.094257  1.461 0.000304 0.000326
93 0.095736  2.435 0.000293 0.000332
94 0.095529  1.948 0.000273 0.000341
95 0.096765  2.435 0.000303 0.000350
96 0.098464  2.435 0.000285 0.000355
97 0.098884  1.461 0.000318 0.000361
98 0.099575  2.435 0.000298 0.000370
99 0.100743  3.896 0.000328 0.000409
100 0.101351  1.948 0.000309 0.000414
101 0.102649  2.435 0.000340 0.000394
102 0.103601  2.435 0.000322 0.000475
103 0.105794  2.435 0.000353 0.000408
104 0.106194  2.922 0.000334 0.000418
105 0.107223  1.948 0.000365 0.000425
106 0.109071  2.435 0.000386 0.000470
107 0.109136  2.435 0.000377 0.000467
108 0.109385  1.461 0.000360 0.000449
109 0.111226  2.922 0.000386 0.000458
110 0.111670  2.435 0.000388 0.000466
111 0.112782  2.922 0.000439 0.000472
112 0.113991  2.435 0.000401 0.000480
113 0.114782  2.922 0.000412 0.000490
114 0.116775  2.435 0.000415 0.000498
115 0.117285  2.435 0.000427 0.000549
116 0.118331  2.922 0.000428 0.000553
117 0.121263  2.922 0.000441 0.000522
118 0.119223  2.922 0.000443 0.000565
119 0.120457  2.922 0.000502 0.000541
120 0.123237  3.409 0.000459 0.000550
121 0.122656  2.435 0.000506 0.000559
122 0.124516  3.409 0.000478 0.000590
123 0.125080  2.922 0.000481 0.000580
124 0.125345  1.948 0.000490 0.000632
125 0.126808  3.896 0.000541 0.000598
126 0.127328  3.896 0.000549 0.000607
127 0.128397  1.948 0.000509 0.000616
128 0.132615  3.409 0.000563 0.000655
129 0.130112  2.922 0.000575 0.000677
130 0.131776  3.409 0.000539 0.000654
131 0.135151  2.922 0.000561 0.000670
132 0.132952  3.409 0.000554 0.000702
133 0.134347  3.409 0.000543 0.000677
134 0.136025  4.383 0.000576 0.000690
135 0.136861  2.922 0.000599 0.000713
136 0.137824  3.409 0.000593 0.000746
137 0.139047  3.896 0.000576 0.000720
138 0.139525  2.922 0.000611 0.000731
139 0.141996  3.409 0.000593 0.000742
140 0.141492  3.409 0.000667 0.000753
141 0.142404  3.409 0.000660 0.000766
142 0.146750  3.896 0.000643 0.000776
143 0.144458  3.409 0.000664 0.000787
144 0.146195  2.922 0.000662 0.000797
145 0.147181  3.409 0.000681 0.000811
146 0.147614  3.896 0.000679 0.000822
147 0.148352  3.896 0.000661 0.000874
148 0.149717  3.896 0.000697 0.000912
149 0.150923  3.896 0.000678 0.000928
150 0.152170  3.409 0.000716 0.000899
151 0.152925  2.922 0.000698 0.000880
152 0.155115  3.409 0.000733 0.000890
153 0.156808  3.409 0.000755 0.000903
154 0.155638  3.896 0.000792 0.000913
155 0.157482  3.896 0.000734 0.000924
156 0.158828  3.409 0.000771 0.000939
157 0.159021  4.383 0.000754 0.000996
158 0.160116  2.922 0.000791 0.000960
159 0.161226  3.896 0.000775 0.001005
160 0.161623  4.383 0.000852 0.000987
161 0.162572  3.896 0.000823 0.001035
162 0.163805  3.409 0.000822 0.001056
163 0.167377  3.409 0.000830 0.001090
164 0.166434  4.870 0.000888 0.001049
165 0.165818  3.409 0.000850 0.001118
166 0.168512  3.409 0.000913 0.001063
167 0.169412  2.922 0.000918 0.001077
168 0.169707  3.409 0.000939 0.001145
169 0.171041  3.896 0.000932 0.001179
170 0.171686  3.896 0.000910 0.001157
171 0.173596  4.383 0.000913 0.001245
172 0.173009  3.896 0.000924 0.001211
173 0.174906  3.896 0.000985 0.001244
174 0.176942  3.409 0.000945 0.001178
175 0.179151  3.409 0.001003 0.001189
176 0.179771  4.870 0.000964 0.001280
177 0.182664  4.383 0.001024 0.001241
178 0.180871  3.896 0.000989 0.001306
179 0.182274  4.383 0.001047 0.001247
180 0.184082  3.896 0.001010 0.001387
181 0.196819  4.383 0.001037 0.001597
182 0.187016  3.409 0.001073 0.001291
183 0.185490  4.383 0.001049 0.001307
184 0.187278  3.409 0.001051 0.001363
185 0.190039  5.357 0.001129 0.001397
186 0.191548  5.357 0.001063 0.001407
187 0.189574  4.383 0.001100 0.001533
188 0.195489  4.383 0.001084 0.001384
189 0.190880  4.383 0.001167 0.001496
190 0.192135  3.896 0.001108 0.001450
191 0.196210  4.870 0.001147 0.001435
192 0.194058  4.870 0.001132 0.001512
193 0.194533  4.383 0.001215 0.001505
194 0.197710  5.357 0.001245 0.001479
195 0.197490  4.383 0.001284 0.001507
196 0.199718  3.896 0.001182 0.001668
197 0.199025  4.870 0.001238 0.001567
198 0.199943  4.383 0.001241 0.001639
199 0.204984  4.870 0.001305 0.001563
200 0.202344  3.896 0.001232 0.001659
201 0.204219  5.357 0.001274 0.001630
202 0.208245  5.357 0.001258 0.001619
203 0.204820  4.383 0.001339 0.001717
204 0.206860  5.357 0.001362 0.001750
205 0.209032  4.383 0.001323 0.001716
206 0.209353  3.896 0.001347 0.001689
207 0.210786  3.896 0.001395 0.001744
208 0.211648  4.870 0.001336 0.001848
209 0.212014  4.383 0.001405 0.001836
210 0.216124  3.896 0.001359 0.001836
211 0.213394  4.383 0.001433 0.001852
212 0.215832  3.896 0.001401 0.001874
213 0.218581  4.870 0.001464 0.001891
214 0.217446  5.357 0.001427 0.001964
215 0.218195  3.896 0.001500 0.001884
216 0.220151  3.896 0.001453 0.002052
217 0.220390  3.896 0.001522 0.001896
218 0.221877  4.870 0.001479 0.002006
219 0.222788  5.357 0.001555 0.001943
220 0.224192  4.870 0.001556 0.001991
221 0.224940  3.896 0.001612 0.002000
222 0.225971  3.409 0.001585 0.002220
223 0.229448  4.870 0.001605 0.002141
224 0.229853  4.870 0.001578 0.002164
225 0.227755  5.844 0.001618 0.002211
226 0.231200  3.896 0.001674 0.002086
227 0.231417  5.357 0.001714 0.002109
228 0.233038  5.357 0.001625 0.002266
229 0.232989  4.870 0.001674 0.002244
230 0.233903  5.357 0.001693 0.002182
231 0.235044  5.844 0.001720 0.002237
232 0.236494  4.870 0.001728 0.002411
233 0.236356  4.383 0.001737 0.002321
234 0.240993  4.870 0.001722 0.002336
235 0.239313  5.844 0.001751 0.002376
236 0.240696  4.870 0.001811 0.002318
237 0.242392  5.357 0.001741 0.002403
238 0.241219  5.357 0.001872 0.002376
239 0.243903  4.870 0.001767 0.002522
240 0.247203  4.870 0.001857 0.002461
241 0.245054  4.383 0.001840 0.002637
242 0.244974  4.870 0.001934 0.002538
243 0.246084  4.870 0.001887 0.002561
244 0.248934  4.870 0.001879 0.002782
245 0.251510  4.383 0.001861 0.002645
246 0.248910  5.357 0.001972 0.002749
247 0.251028  5.844 0.002004 0.002726
248 0.254775  3.896 0.002045 0.002626
249 0.253128  4.870 0.001925 0.002762
250 0.255111  4.870 0.002014 0.002778
251 0.255567  4.870 0.002004 0.002895
252 0.258179  4.870 0.002051 0.002851
253 0.256395  4.383 0.001994 0.002953
254 0.259589  4.870 0.002107 0.002964
255 0.272241  4.870 0.002022 0.003051
256 0.262222  5.357 0.002124 0.003054
257 0.272546  4.870 0.002155 0.003023
258 0.262440  4.870 0.002169 0.002926
259 0.267626  5.844 0.002161 0.002997
260 0.263786  4.870 0.002145 0.003169
261 0.265116  4.383 0.002190 0.003182
262 0.266901  4.383 0.002230 0.003190
263 0.268454  5.844 0.002262 0.003249
264 0.267289  5.357 0.002272 0.003315
265 0.269533  6.331 0.002275 0.003209
266 0.270468  5.357 0.002457 0.003456
267 0.271176  4.870 0.002302 0.003397
268 0.271677  4.870 0.002367 0.003332
269 0.274959  5.357 0.002393 0.003271
270 0.276361  5.357 0.002327 0.003500
271 0.275480  4.383 0.002441 0.003435
272 0.276815  5.357 0.002488 0.003367
273 0.279108  5.357 0.002424 0.003567
274 0.279043  4.870 0.002422 0.003573
275 0.280151  5.357 0.002455 0.003543
276 0.281288  5.844 0.002507 0.003567
277 0.283917  4.870 0.002444 0.003587
278 0.283419  4.870 0.002514 0.003676
279 0.283706  6.331 0.002525 0.003590
280 0.286172  4.870 0.002561 0.003612
281 0.287322  5.357 0.002616 0.003667
282 0.287133  4.870 0.002568 0.003724
283 0.289060  5.844 0.002590 0.003798
284 0.291044  4.870 0.002673 0.003868
285 0.289981  5.357 0.002687 0.003987
286 0.291238  4.870 0.002625 0.003862
287 0.293812  4.383 0.002744 0.003894
288 0.292909  4.383 0.002685 0.003993
289 0.293562  5.844 0.002780 0.004374
290 0.295553  5.357 0.002756 0.004053
291 0.297307  5.357 0.002813 0.004017
292 0.297695  5.357 0.002742 0.004048
293 0.306865  6.331 0.002798 0.004260
294 0.300331  5.844 0.002767 0.004436
295 0.300007  4.870 0.002875 0.004315
296 0.300867  5.357 0.002862 0.004330
297 0.304076  5.357 0.002909 0.004387
298 0.304792  5.844 0.002860 0.004443
299 0.303382  5.357 0.002973 0.004297
300 0.306087  6.331 0.002878 0.004340
301 0.307466  6.331 0.002965 0.004414
302 0.307685  5.357 0.002990 0.004607
303 0.308923  5.844 0.002999 0.004572
304 0.309654  5.844 0.003023 0.004517
305 0.313191  6.331 0.003091 0.004726
306 0.311994  5.844 0.003070 0.004532
307 0.312964  5.357 0.003057 0.004579
308 0.314821  6.818 0.003100 0.004884
309 0.315096  6.331 0.003118 0.004783
310 0.316371  5.357 0.003144 0.004876
311 0.317179  6.331 0.003142 0.004780
312 0.318952  5.357 0.003173 0.004846
313 0.320062  6.818 0.003177 0.004848
314 0.319296  5.844 0.003219 0.005062
315 0.321785  6.331 0.003263 0.004944
316 0.324947  5.844 0.003296 0.005103
317 0.322923  6.331 0.003270 0.004940
318 0.324897  5.844 0.003321 0.004956
319 0.327988  7.305 0.003333 0.005008
320 0.326292  4.870 0.003302 0.005068
321 0.328624  5.844 0.003395 0.005140
322 0.328999  6.331 0.003390 0.005311
323 0.329739  5.844 0.003413 0.005261
324 0.331505  5.844 0.003432 0.005365
325 0.331894  6.331 0.003351 0.005241
326 0.331715  6.331 0.003462 0.005227
327 0.335387  6.331 0.003469 0.005384
328 0.335141  6.331 0.003578 0.005535
329 0.336257  6.331 0.003514 0.005454
330 0.339484  6.331 0.003498 0.005584
331 0.337058  6.331 0.003606 0.005417
332 0.338727  5.844 0.003590 0.005555
333 0.340929  5.844 0.003548 0.005468
334 0.342094  5.844 0.003610 0.005597
335 0.340722  6.331 0.003629 0.005812
336 0.346449  6.331 0.003659 0.005631
337 0.346066  5.844 0.003600 0.005908
338 0.346870  5.844 0.003700 0.005978
339 0.347380  5.357 0.003645 0.005942
340 0.347962  6.331 0.003686 0.005829
341 0.348640  6.818 0.003772 0.005922
342 0.349729  5.844 0.003794 0.005886
343 0.349361  6.818 0.003762 0.005866
344 0.352016  6.818 0.003823 0.006158
345 0.351876  6.818 0.003786 0.006142
346 0.353055  5.844 0.003852 0.006210
347 0.354634  5.844 0.003919 0.006227
348 0.355266  6.331 0.003862 0.006203
349 0.356202  7.305 0.003896 0.006405
350 0.358923  6.818 0.003947 0.006402
351 0.357658  6.818 0.003914 0.006483
352 0.359426  6.818 0.003982 0.006514
353 0.360142  5.844 0.003963 0.006361
354 0.361731  6.818 0.004053 0.006529
355 0.362633  6.818 0.004046 0.006690
356 0.363470  6.331 0.004089 0.006604
357 0.363793  6.818 0.004033 0.006613
358 0.367418  7.792 0.004151 0.006487
359 0.365695  6.331 0.004047 0.006662
360 0.367047  6.331 0.004151 0.006633
361 0.369930  6.331 0.004143 0.006587
362 0.370137  6.818 0.004183 0.006673
363 0.371970  6.818 0.004165 0.006947
364 0.370668  7.305 0.004235 0.006940
365 0.374175  6.331 0.004231 0.006801
366 0.374110  6.331 0.004264 0.006919
367 0.374060  7.792 0.004381 0.007160
368 0.375573  6.331 0.004319 0.007047
369 0.378325  5.844 0.004403 0.007210
370 0.377840  6.331 0.004415 0.007162
371 0.378561  7.792 0.004440 0.006980
372 0.381505  7.792 0.004419 0.007406
373 0.380088  6.331 0.004411 0.007354
374 0.381101  6.818 0.004460 0.007301
375 0.383763  6.818 0.004458 0.007385
376 0.385365  6.818 0.004468 0.007367
377 0.384179  6.818 0.004505 0.007627
378 0.385079  6.818 0.004519 0.007476
379 0.387623  7.305 0.004568 0.007525
380 0.387388  6.331 0.004614 0.007432
381 0.388440  6.331 0.004556 0.008119
382 0.388993  6.331 0.004619 0.007595
383 0.392565  6.818 0.004663 0.007710
384 0.391960  6.818 0.004665 0.007665
385 0.391744  6.331 0.004690 0.007957
386 0.393501  6.818 0.004750 0.008002
387 0.395634  7.305 0.004864 0.007857
388 0.395379  6.818 0.004885 0.007907
389 0.397086  6.331 0.004803 0.007893
390 0.397334  6.818 0.004862 0.008252
391 0.398976  6.331 0.004911 0.008103
392 0.399186  6.331 0.004821 0.008196
393 0.400031  6.818 0.004906 0.007987
394 0.402956  7.305 0.004877 0.008314
395 0.401931  7.305 0.004939 0.008226
396 0.405253  7.792 0.004917 0.008468
397 0.404612  6.331 0.005121 0.008262
398 0.406848  7.305 0.005036 0.008474
399 0.406555  7.305 0.005069 0.008380
400 0.408878  7.305 0.005013 0.008514
401 0.409428  7.305 0.005073 0.008532
402 0.410730  7.305 0.005053 0.008586
403 0.409797  6.818 0.005115 0.008603
404 0.411837  8.279 0.005118 0.008756
405 0.414681  7.305 0.005253 0.008852
406 0.414714  7.305 0.005145 0.008890
407 0.415302  6.818 0.005212 0.008790
408 0.417626  7.792 0.005219 0.008849
409 0.417686  7.305 0.005274 0.008893
410 0.419039  7.305 0.005255 0.008882
411 0.418933  7.792 0.005308 0.009181
412 0.421882  7.305 0.005410 0.009062
413 0.420701  8.279 0.005403 0.009215
414 0.422627  7.305 0.005423 0.009172
415 0.423426  8.279 0.005494 0.009264
416 0.424346  6.818 0.005416 0.009082
417 0.426474  7.305 0.005558 0.009067
418 0.426192  7.305 0.005521 0.009267
419 0.429476  7.305 0.005515 0.009497
420 0.430051  7.305 0.005518 0.009359
421 0.430172  6.818 0.005596 0.009419
422 0.430162  8.279 0.005580 0.009683
423 0.430612  7.305 0.005674 0.009534
424 0.433033  7.792 0.005606 0.009790
425 0.434682  7.792 0.005661 0.009666
426 0.435059  7.305 0.005647 0.009687
427 0.435771  8.279 0.005646 0.009622
428 0.437249  8.279 0.005729 0.009979
429 0.437791  7.305 0.005965 0.009822
430 0.438791  7.792 0.005752 0.009868
431 0.439444  7.792 0.005758 0.010060
432 0.441483  7.792 0.005779 0.009983
433 0.442360  6.818 0.005923 0.010166
434 0.442650  7.305 0.005879 0.010030
435 0.443881  6.818 0.005898 0.010199
436 0.444092  7.305 0.005915 0.010090
437 0.446267  7.305 0.005826 0.010334
438 0.447924  7.305 0.005861 0.010329
439 0.448594  6.818 0.005929 0.010382
440 0.448497  7.792 0.006012 0.010442
441 0.449077  7.305 0.005995 0.010364
442 0.450992  8.279 0.006025 0.010335
443 0.451984  7.305 0.006030 0.010535
444 0.452157  7.305 0.006041 0.010556
445 0.452698  8.766 0.006014 0.010605
446 0.454063  7.792 0.006068 0.010706
447 0.456490  9.253 0.006083 0.010974
448 0.455551  8.766 0.006251 0.010962
449 0.457709  8.766 0.006153 0.010641
450 0.460631  8.279 0.006268 0.010989
451 0.460029  8.766 0.006242 0.010984
452 0.488874  7.792 0.006386 0.011108
453 0.459855  7.792 0.006359 0.011137
454 0.461833  7.792 0.006386 0.011328
455 0.461724  7.792 0.006317 0.011266
456 0.461756  8.279 0.006375 0.011335
457 0.462685  7.792 0.006328 0.011260
458 0.466824  8.766 0.006518 0.011116
459 0.466280  7.792 0.006600 0.011363
460 0.467846  8.279 0.006809 0.011503
461 0.468534  8.279 0.006480 0.011476
462 0.469798  7.792 0.006609 0.011449
463 0.470504  8.766 0.006521 0.011570
464 0.471935  9.740 0.006601 0.011595
465 0.472633  9.740 0.006621 0.011697
466 0.475016  8.279 0.006616 0.011575
467 0.474558  8.766 0.006894 0.011838
468 0.476220  8.279 0.006934 0.011716
469 0.476691  7.792 0.006921 0.011876
470 0.479245  9.740 0.006709 0.011875
471 0.477298  8.766 0.006816 0.012233
472 0.481313  7.792 0.006787 0.012249
473 0.479869  8.279 0.006798 0.012181
474 0.482881  8.279 0.007039 0.011913
475 0.482577  8.279 0.006839 0.012189
476 0.483775  9.253 0.006921 0.012386
477 0.483853  7.792 0.007010 0.012399
478 0.487425  9.253 0.007115 0.012234
479 0.486437  9.253 0.006981 0.012583
480 0.489162  8.766 0.007060 0.012296
481 0.487916  8.279 0.007123 0.012587
482 0.489118  8.279 0.007120 0.012260
483 0.492280  8.279 0.007228 0.012320
484 0.492790  9.253 0.007223 0.012640
485 0.491915  9.253 0.007439 0.012567
486 0.494338  8.279 0.007244 0.012918
487 0.495124  9.253 0.007442 0.012743
488 0.496227  8.766 0.007241 0.012785
489 0.495576  8.766 0.007384 0.012793
490 0.498904  9.253 0.007282 0.013081
491 0.499472  8.279 0.007417 0.013095
492 0.501550  9.253 0.007534 0.013198
493 0.500612  8.766 0.007573 0.013383
494 0.507893  8.766 0.007688 0.013404
495 0.517639  9.253 0.007648 0.013255
496 0.519037  7.792 0.007512 0.013527
497 0.519770  6.818 0.007594 0.013409
498 0.519753  8.766 0.007666 0.013569
499 0.518465  8.766 0.007648 0.013508
500 0.522531  7.792 0.007631 0.013724
